nodes = [
    # =====================================================
    # Row 1: nodes 1 -> 9
    # =====================================================
    [0.0000,  0.0000],   # 1
    [4.4721,  2.2361],   # 2
    [8.9443,  0.0000],   # 3
    [13.4164, 2.2361],   # 4
    [17.8885, 0.0000],   # 5
    [22.3607, 2.2361],   # 6
    [26.8328, 0.0000],   # 7
    [31.3050, 2.2361],   # 8
    [35.7771, 0.0000],   # 9

    # =====================================================
    # Row 2: nodes 10 -> 18
    # =====================================================
    [0.0000,  8.9443],   # 10
    [4.4721, 11.1803],   # 11
    [8.9443,  8.9443],   # 12
    [13.4164,11.1803],   # 13
    [17.8885, 8.9443],   # 14
    [22.3607,11.1803],   # 15
    [26.8328, 8.9443],   # 16
    [31.3050,11.1803],   # 17
    [35.7771, 8.9443],   # 18

    # =====================================================
    # Row 3: nodes 19 -> 27
    # =====================================================
    [0.0000, 17.8885],   # 19
    [4.4721, 20.1246],   # 20
    [8.9443, 17.8885],   # 21
    [13.4164,20.1246],   # 22
    [17.8885,17.8885],   # 23
    [22.3607,20.1246],   # 24
    [26.8328,17.8885],   # 25
    [31.3050,20.1246],   # 26
    [35.7771,17.8885],   # 27

    # =====================================================
    # Row 4: nodes 28 -> 36
    # =====================================================
    [0.0000, 26.8328],   # 28
    [4.4721, 29.0689],   # 29
    [8.9443, 26.8328],   # 30
    [13.4164,29.0689],   # 31
    [17.8885,26.8328],   # 32
    [22.3607,29.0689],   # 33
    [26.8328,26.8328],   # 34
    [31.3050,29.0689],   # 35
    [35.7771,26.8328],   # 36
]

edges = [
    [1,2], [2,3],
    [3,4], [4,5],
    [5,6], [6,7],
    [7,8], [8,9],

    [10,11], [11,12],
    [12,13], [13,14],
    [14,15], [15,16],
    [16,17], [17,18],

    [19,20], [20,21],
    [21,22], [22,23],
    [23,24], [24,25],
    [25,26], [26,27],

    [28,29], [29,30],
    [30,31], [31,32],
    [32,33], [33,34],
    [34,35], [35,36],

    [10,2], [2,12],
    [12,4], [4,14],
    [14,6], [6,16],
    [16,8], [8,18],

    [19,11], [11,21],
    [21,13], [13,23],
    [23,15], [15,25],
    [25,17], [17,27],

    [28,20], [20,30],
    [30,22], [22,32],
    [32,24], [24,34],
    [34,26], [26,36]
]