nodes = [
    [0.0, 0.0], [8.66, 0.0], [17.32, 0.0], [25.98, 0.0], [34.64, 0.0],
    [4.33, 2.5], [12.99, 2.5], [21.65, 2.5], [30.31, 2.5],
    [4.33, 7.5], [12.99, 7.5], [21.65, 7.5], [30.31, 7.5],
    [0.0, 10.0], [8.66, 10.0], [17.32, 10.0], [25.98, 10.0], [34.64, 10.0],
    [0.0, 15.0], [8.66, 15.0], [17.32, 15.0], [25.98, 15.0], [34.64, 15.0],
    [4.33, 17.5], [12.99, 17.5], [21.65, 17.5], [30.31, 17.5],
    [4.33, 22.5], [12.99, 22.5], [21.65, 22.5], [30.31, 22.5],
    [0.0, 25.0], [8.66, 25.0], [17.32, 25.0], [25.98, 25.0], [34.64, 25.0],
    [0.0, 30.0], [8.66, 30.0], [17.32, 30.0], [25.98, 30.0], [34.64, 30.0],
    [4.33, 32.5], [12.99, 32.5], [21.65, 32.5], [30.31, 32.5]
]

edges = [
    [0,5],
    [1,5],[1,6],
    [2,6],[2,7],
    [3,7],[3,8],
    [4,8],

    [5,9],[6,10],[7,11],[8,12],

    [9,13],[9,14],
    [10,14],[10,15],
    [11,15],[11,16],
    [12,16],[12,17],

    [13,18],[14,19],[15,20],[16,21],[17,22],

    [18,23],
    [19,23],[19,24],
    [20,24],[20,25],
    [21,25],[21,26],
    [22,26],

    [23,27],[24,28],[25,29],[26,30],

    [27,31],[27,32],
    [28,32],[28,33],
    [29,33],[29,34],
    [30,34],[30,35],

    [31,36],[32,37],[33,38],[34,39],[35,40],

    [36,41],
    [37,41],[37,42],
    [38,42],[38,43],
    [39,43],[39,44],
    [40,44]
]