nodes = [
    # y = 0.0
    [0.00, 0.00],   # 0
    [4.00, 0.00],   # 1
    [5.40, 0.00],   # 2
    [9.40, 0.00],   # 3
    [10.80, 0.00],  # 4
    [14.80, 0.00],  # 5
    [16.20, 0.00],  # 6
    [20.20, 0.00],  # 7

    # y = 2.0
    [1.20, 2.00],   # 8
    [2.80, 2.00],   # 9
    [6.60, 2.00],   # 10
    [8.20, 2.00],   # 11
    [12.00, 2.00],  # 12
    [13.60, 2.00],  # 13
    [17.40, 2.00],  # 14
    [19.00, 2.00],  # 15

    # y = 4.0
    [0.00, 4.00],   # 16
    [4.00, 4.00],   # 17
    [5.40, 4.00],   # 18
    [9.40, 4.00],   # 19
    [10.80, 4.00],  # 20
    [14.80, 4.00],  # 21
    [16.20, 4.00],  # 22
    [20.20, 4.00],  # 23

    # y = 6.0
    [1.20, 6.00],   # 24
    [2.80, 6.00],   # 25
    [6.60, 6.00],   # 26
    [8.20, 6.00],   # 27
    [12.00, 6.00],  # 28
    [13.60, 6.00],  # 29
    [17.40, 6.00],  # 30
    [19.00, 6.00],  # 31

    # y = 8.0
    [0.00, 8.00],   # 32
    [4.00, 8.00],   # 33
    [5.40, 8.00],   # 34
    [9.40, 8.00],   # 35
    [10.80, 8.00],  # 36
    [14.80, 8.00],  # 37
    [16.20, 8.00],  # 38
    [20.20, 8.00],  # 39

    # y = 10.0
    [1.20, 10.00],  # 40
    [2.80, 10.00],  # 41
    [6.60, 10.00],  # 42
    [8.20, 10.00],  # 43
    [12.00, 10.00], # 44
    [13.60, 10.00], # 45
    [17.40, 10.00], # 46
    [19.00, 10.00], # 47

    # y = 12.0
    [0.00, 12.00],  # 48
    [4.00, 12.00],  # 49
    [5.40, 12.00],  # 50
    [9.40, 12.00],  # 51
    [10.80, 12.00], # 52
    [14.80, 12.00], # 53
    [16.20, 12.00], # 54
    [20.20, 12.00], # 55

    # y = 14.0
    [1.20, 14.00],  # 56
    [2.80, 14.00],  # 57
    [6.60, 14.00],  # 58
    [8.20, 14.00],  # 59
    [12.00, 14.00], # 60
    [13.60, 14.00], # 61
    [17.40, 14.00], # 62
    [19.00, 14.00], # 63

    # y = 16.0
    [0.00, 16.00],  # 64
    [4.00, 16.00],  # 65
    [5.40, 16.00],  # 66
    [9.40, 16.00],  # 67
    [10.80, 16.00], # 68
    [14.80, 16.00], # 69
    [16.20, 16.00], # 70
    [20.20, 16.00], # 71
]

edges = [
    [0,8], [1,9], [2,10], [3,11], [4,12], [5,13], [6,14], [7,15],
    [8,16], [9,17], [10,18], [11,19], [12,20], [13,21], [14,22], [15,23],

    [16,24], [17,25], [18,26], [19,27], [20,28], [21,29], [22,30], [23,31],
    [24,32], [25,33], [26,34], [27,35], [28,36], [29,37], [30,38], [31,39],

    [32,40], [33,41], [34,42], [35,43], [36,44], [37,45], [38,46], [39,47],
    [40,48], [41,49], [42,50], [43,51], [44,52], [45,53], [46,54], [47,55],

    [48,56], [49,57], [50,58], [51,59], [52,60], [53,61], [54,62], [55,63],
    [56,64], [57,65], [58,66], [59,67], [60,68], [61,69], [62,70], [63,71],

    [0,1], [2,3], [4,5], [6,7],
    [9,10], [11,12], [13,14],

    [16,17], [18,19], [20,21], [22,23],
    [25,26], [27,28], [29,30],

    [32,33], [34,35], [36,37], [38,39],
    [41,42], [43,44], [45,46],

    [48,49], [50,51], [52,53], [54,55],
    [57,58], [59,60], [61,62],

    [64,65], [66,67], [68,69], [70,71]
]
