nodes = [
    # Row 0
    [3.5355, 0.0000], [10.6066, 0.0000], [17.6777, 0.0000], [24.7487, 0.0000], [31.8198, 0.0000],

    # Row 1
    [0.0000, 3.5355], [7.0711, 3.5355], [14.1421, 3.5355],
    [21.2132, 3.5355], [28.2843, 3.5355], [35.3553, 3.5355],

    # Row 2
    [3.5355, 7.0711], [10.6066, 7.0711], [17.6777, 7.0711],
    [24.7487, 7.0711], [31.8198, 7.0711],

    # Row 3
    [0.0000, 10.6066], [7.0711, 10.6066], [14.1421, 10.6066],
    [21.2132, 10.6066], [28.2843, 10.6066], [35.3553, 10.6066],

    # Row 4
    [3.5355, 14.1421], [10.6066, 14.1421], [17.6777, 14.1421],
    [24.7487, 14.1421], [31.8198, 14.1421],

    # Row 5
    [0.0000, 17.6777], [7.0711, 17.6777], [14.1421, 17.6777],
    [21.2132, 17.6777], [28.2843, 17.6777], [35.3553, 17.6777],

    # Row 6
    [3.5355, 21.2132], [10.6066, 21.2132], [17.6777, 21.2132],
    [24.7487, 21.2132], [31.8198, 21.2132],

    # Row 7
    [0.0000, 24.7487], [7.0711, 24.7487], [14.1421, 24.7487],
    [21.2132, 24.7487], [28.2843, 24.7487], [35.3553, 24.7487],

    # Row 8
    [3.5355, 28.2843], [10.6066, 28.2843], [17.6777, 28.2843],
    [24.7487, 28.2843], [31.8198, 28.2843],

    # Row 9
    [0.0000, 31.8198], [7.0711, 31.8198], [14.1421, 31.8198],
    [21.2132, 31.8198], [28.2843, 31.8198], [35.3553, 31.8198],

    # Row 10
    [3.5355, 35.3553], [10.6066, 35.3553], [17.6777, 35.3553],
    [24.7487, 35.3553], [31.8198, 35.3553],
]

edges = [
    # Row 0 -> Row 1
    [0, 5], [0, 6],
    [1, 6], [1, 7],
    [2, 7], [2, 8],
    [3, 8], [3, 9],
    [4, 9], [4, 10],

    # Row 1 -> Row 2
    [5, 11],
    [6, 11], [6, 12],
    [7, 12], [7, 13],
    [8, 13], [8, 14],
    [9, 14], [9, 15],
    [10, 15],

    # Row 2 -> Row 3
    [11, 16], [11, 17],
    [12, 17], [12, 18],
    [13, 18], [13, 19],
    [14, 19], [14, 20],
    [15, 20], [15, 21],

    # Row 3 -> Row 4
    [16, 22],
    [17, 22], [17, 23],
    [18, 23], [18, 24],
    [19, 24], [19, 25],
    [20, 25], [20, 26],
    [21, 26],

    # Row 4 -> Row 5
    [22, 27], [22, 28],
    [23, 28], [23, 29],
    [24, 29], [24, 30],
    [25, 30], [25, 31],
    [26, 31], [26, 32],

    # Row 5 -> Row 6
    [27, 33],
    [28, 33], [28, 34],
    [29, 34], [29, 35],
    [30, 35], [30, 36],
    [31, 36], [31, 37],
    [32, 37],

    # Row 6 -> Row 7
    [33, 38], [33, 39],
    [34, 39], [34, 40],
    [35, 40], [35, 41],
    [36, 41], [36, 42],
    [37, 42], [37, 43],

    # Row 7 -> Row 8
    [38, 44],
    [39, 44], [39, 45],
    [40, 45], [40, 46],
    [41, 46], [41, 47],
    [42, 47], [42, 48],
    [43, 48],

    # Row 8 -> Row 9
    [44, 49], [44, 50],
    [45, 50], [45, 51],
    [46, 51], [46, 52],
    [47, 52], [47, 53],
    [48, 53], [48, 54],

    # Row 9 -> Row 10
    [49, 55],
    [50, 55], [50, 56],
    [51, 56], [51, 57],
    [52, 57], [52, 58],
    [53, 58], [53, 59],
    [54, 59],
]